2352.000	0.385932421	4.562232779	2.5072		0.27283403	0.167538532
2352.125	0.364555950	4.524696095	2.5032		0.25208961	0.160188845
2352.250	0.355175963	4.531732876	2.5462		0.22166749	0.142936525
2352.375	0.353398485	4.553609812	2.5368		0.19057090	0.123223431
2352.500	0.354227429	4.500881607	2.5543		0.16890600	0.109074862
2352.625	0.353839552	4.491703312	2.5594		0.15743862	0.101730611
2352.750	0.352975968	4.553966654	2.5474		0.15258438	0.098725758
2352.875	0.355517545	4.655557811	2.5488		0.14703052	0.094758593
2353.000	0.361115758	4.666146024	2.5526		0.14794848	0.094521951
2353.125	0.367530392	4.614672791	2.5566		0.15641679	0.098928865
2353.250	0.372484957	4.564322792	2.5600		0.17499631	0.109812819
2353.375	0.373975556	4.516042790	2.5631		0.20672974	0.129417869
2353.500	0.369292202	4.507103357	2.5658		0.21992862	0.138710693
2353.625	0.366266664	4.556927563	2.5670		0.20885617	0.132359115
2353.750	0.367533672	4.588834719	2.5630		0.18914603	0.119628497
2353.875	0.372404634	4.561495584	2.5551		0.17555292	0.110176196
2354.000	0.379022393	4.517535029	2.5472		0.17891618	0.111102940
2354.125	0.385146718	4.538199245	2.5443		0.20700638	0.127278553
2354.250	0.385357184	4.549336855	2.5421		0.23613158	0.145136576
2354.375	0.367603755	4.510482067	2.5404		0.24955541	0.157817904
2354.500	0.352075084	4.503497278	2.5383		0.23710976	0.153629324
2354.625	0.344732848	4.497631874	2.5328		0.20819038	0.136420315
2354.750	0.342344989	4.511703312	2.5212		0.18608580	0.122380256
2354.875	0.342356195	4.511703312	2.5083		0.17777186	0.116910560
2355.000	0.344744976	4.489336855	2.5019		0.17290279	0.113295420
2355.125	0.347097503	4.552144377	2.5028		0.16558473	0.108110682
2355.250	0.350561302	4.561263553	2.5097		0.16004312	0.103938197
2355.375	0.355302936	4.552144377	2.5189		0.15687887	0.101139346
2355.500	0.358757605	4.561263553	2.5256		0.15679433	0.100543174
2355.625	0.358859802	4.579605077	2.5311		0.16560481	0.106175900
2355.750	0.355509244	4.598101639	2.5334		0.17495150	0.112754623
2355.875	0.350740867	4.623707859	2.5345		0.18016909	0.116976426
2356.000	0.345887097	4.644989233	2.5333		0.17562054	0.114875661
2356.125	0.342216294	4.635539599	2.5277		0.16094593	0.105867613
2356.250	0.342975656	4.607399100	2.5197		0.15682176	0.103035713
2356.375	0.343684353	4.604970354	2.5177		0.15824961	0.103861693
2356.500	0.345498505	4.602544169	2.5155		0.15986453	0.104631571
2356.625	0.346478339	4.600120538	2.5133		0.16182945	0.105759048
2356.750	0.345552406	4.597699458	2.5125		0.16333487	0.106894112
2356.875	0.343556688	4.595280926	2.5148		0.16161403	0.106090449
2357.000	0.344979099	4.592864937	2.5194		0.15893521	0.104105886
2357.125	0.347175897	4.590451486	2.5246		0.15711185	0.102566401
2357.250	0.348773238	4.593598464	2.5290		0.15546935	0.101245802
2357.375	0.348745559	4.608137277	2.5319		0.15391731	0.100239333
2357.500	0.346815240	4.626121316	2.5324		0.15308077	0.099990027
2357.625	0.344345569	4.626935725	2.5288		0.15377908	0.100825936
2357.750	0.345042558	4.616112115	2.5284		0.15575899	0.102015510
2357.875	0.347336090	4.601898080	2.5338		0.15684078	0.102364315
2358.000	0.350006996	4.598275014	2.5408		0.15999364	0.103994747
2358.125	0.352326367	4.606911753	2.5473		0.16549681	0.107187922
2358.250	0.353951988	4.619861361	2.5538		0.17094718	0.110440084
2358.375	0.351935106	4.638946352	2.5597		0.18070402	0.117107933
2358.500	0.348581775	4.658189681	2.5583		0.18214895	0.118655144
2358.625	0.347576826	4.677586149	2.5516		0.17477150	0.114024975
2358.750	0.347735574	4.627152060	2.5453		0.16336299	0.106555866
2358.875	0.348029352	4.646875047	2.5434		0.15346917	0.100057397
2359.000	0.351487353	4.636771722	2.5423		0.14805349	0.096014563
2359.125	0.355219425	4.651595519	2.5437		0.14940929	0.096336209
2359.250	0.359002591	4.645956169	2.5491		0.14881755	0.095391662
2359.375	0.362823062	4.690431520	2.5561		0.15056005	0.095933389
2359.500	0.366519160	4.655436958	2.5632		0.15488234	0.098114998
2359.625	0.369658664	4.636152868	2.5697		0.15802270	0.099608238
2359.750	0.370458268	4.634221972	2.5728		0.16049152	0.101036106
2359.875	0.368883949	4.665160703	2.5664		0.16915172	0.106754367
2360.000	0.364129072	4.673003180	2.5596		0.17316236	0.110108913
2360.125	0.359929077	4.667265166	2.5543		0.16726129	0.107059086
2360.250	0.358096361	4.672020757	2.5526		0.15121815	0.097067483
2360.375	0.355261178	4.682524024	2.5599		0.13229832	0.085297866
2360.500	0.351876590	4.675219793	2.5628		0.13145719	0.085200479
2360.625	0.348032141	4.653445407	2.5627		0.13474091	0.087846741
2360.750	0.344802041	4.615182638	2.5598		0.14196207	0.093013260
2360.875	0.342493977	4.666963825	2.5526		0.15223708	0.100096797
2361.000	0.341224251	4.658727503	2.5405		0.16411755	0.108116665
2361.125	0.342836815	4.663847588	2.5294		0.17333908	0.113912062
2361.250	0.343094835	4.608010705	2.5251		0.17822553	0.117077272
2361.375	0.342131077	4.617835180	2.5235		0.18304246	0.120417946
2361.500	0.340630661	4.627937805	2.5235		0.18743241	0.123587184
2361.625	0.339327745	4.592267442	2.5238		0.19098657	0.126179530
2361.750	0.338824262	4.665234913	2.5227		0.19361358	0.128012599
2361.875	0.340838803	4.655379728	2.5212		0.19425618	0.128046137
2362.000	0.345057184	4.625565740	2.5210		0.19267949	0.126194051
2362.125	0.349214513	4.633585043	2.5241		0.18746638	0.122000398
2362.250	0.352005511	4.635756837	2.5298		0.17939254	0.116245378
2362.375	0.352942772	4.650532547	2.5350		0.17148918	0.110963312
2362.500	0.352543021	4.675394675	2.5354		0.16766576	0.108556366
2362.625	0.351876590	4.630351285	2.5311		0.16299517	0.105640986
2362.750	0.353157336	4.655410635	2.5281		0.15964171	0.103263066
2362.875	0.355182825	4.661595519	2.5261		0.15708151	0.101288858
2363.000	0.356356617	4.667134212	2.5249		0.15779450	0.101563386
2363.125	0.355501802	4.674203982	2.5251		0.16621752	0.107126890
2363.250	0.356434714	4.663840454	2.5222		0.17562721	0.113027574
2363.375	0.357422783	4.626858484	2.5176		0.18885779	0.121355711
2363.500	0.360059886	4.597096320	2.5133		0.19982164	0.127873885
2363.625	0.365133968	4.577397959	2.5107		0.20644617	0.131065661
2363.750	0.372885679	4.572523720	2.5109		0.21021305	0.131827611
2363.875	0.382927498	4.570460449	2.5133		0.21949335	0.135443312
2364.000	0.399035970	4.576731429	2.5175		0.22728332	0.136589100