2330.000	0.344614349	3.931363798	2.2515		0.23463173	0.153774269
2330.125	0.337974420	5.114390922	2.3440		0.11680485	0.077327798
2330.250	0.336737750	4.852845044	2.4366		0.09293308	0.061639006
2330.375	0.338171155	5.023497106	2.5218		0.06761879	0.044752066
2330.500	0.340904050	5.196073415	2.5726		0.05521321	0.036390800
2330.625	0.343647008	5.200026075	2.5712		0.05806801	0.038113109
2330.750	0.347792968	5.168782456	2.5631		0.07027926	0.045836630
2330.875	0.351872916	5.131840893	2.5568		0.08456883	0.054811351
2331.000	0.354066462	5.024134536	2.5548		0.10403956	0.067202644
2331.125	0.352929154	4.913868919	2.5559		0.13147068	0.085070841
2331.250	0.349784676	4.863698923	2.5599		0.14032060	0.091238602
2331.375	0.345710574	4.819657664	2.5612		0.14123485	0.092408469
2331.500	0.342316021	4.781433228	2.5610		0.13678459	0.089961035
2331.625	0.339654796	4.761316535	2.5579		0.13104351	0.086533956
2331.750	0.337681596	4.761554493	2.5507		0.12718674	0.084238116
2331.875	0.336923688	4.761420639	2.5404		0.12519871	0.083016296
2332.000	0.336195925	4.761509874	2.5390		0.12541520	0.083251123
2332.125	0.334517849	4.761509874	2.5408		0.12381823	0.082398825
2332.250	0.332770532	4.762930652	2.5451		0.12092519	0.080684850
2332.375	0.332031604	4.765387398	2.5504		0.11808209	0.078875102
2332.500	0.333105727	4.767839223	2.5557		0.11680590	0.077897185
2332.625	0.335130114	4.770308501	2.5607		0.11845648	0.078758149
2332.750	0.337340226	4.767943612	2.5613		0.12391442	0.082113103
2332.875	0.338587963	4.761033991	2.5603		0.12993482	0.085940454
2333.000	0.339229624	4.754136955	2.5569		0.13530698	0.089406846
2333.125	0.339568194	4.747259872	2.5515		0.13911652	0.091876973
2333.250	0.339355052	4.741700242	2.5470		0.14021362	0.092631422
2333.375	0.338432429	4.739304688	2.5363		0.14111972	0.093360232
2333.500	0.337951553	4.736698130	2.5287		0.14040346	0.092953896
2333.625	0.337759813	4.734094437	2.5249		0.13963620	0.092472702
2333.750	0.337521467	4.731846093	2.5244		0.13923361	0.092239279
2333.875	0.336880005	4.715386798	2.5261		0.13986173	0.092745107
2334.000	0.335732809	4.712267442	2.5288		0.14264980	0.094757585
2334.125	0.334212229	4.716656128	2.5276		0.14597192	0.097186317
2334.250	0.333353492	4.741700242	2.5246		0.14670888	0.097802960
2334.375	0.332126395	4.772615967	2.5231		0.14415196	0.096275287
2334.500	0.330692013	4.801569383	2.5241		0.13864147	0.092793845
2334.625	0.330731049	4.791585577	2.5257		0.13312524	0.089096592
2334.750	0.330000000	4.759651498	2.5202		0.13853227	0.092816622
2334.875	0.330467863	4.731192563	2.5146		0.13576563	0.090899454
2335.000	0.332130872	4.712267442	2.5117		0.13057435	0.087206577
2335.125	0.334674641	4.735785776	2.5119		0.12348170	0.082155506
2335.250	0.337391767	4.763272955	2.5137		0.11723381	0.077680085
2335.375	0.338788643	4.791081077	2.5136		0.11802975	0.078042611
2335.500	0.336705880	4.801682817	2.5086		0.12727904	0.084423439
2335.625	0.334720101	4.790817574	2.5032		0.13396617	0.089124997
2335.750	0.333889720	4.772623438	2.4975		0.13750342	0.091592444
2335.875	0.333972963	4.750225902	2.4921		0.13966639	0.093021594
2336.000	0.333757220	4.730076841	2.4886		0.14308611	0.095330088
2336.125	0.332926060	4.709115842	2.4882		0.15195661	0.101366292
2336.250	0.333767288	4.702382806	2.4939		0.15364989	0.102366580
2336.375	0.334957626	4.720409753	2.5030		0.15078327	0.100277267
2336.500	0.336625819	4.751595519	2.5125		0.14619232	0.096980212
2336.625	0.339027274	4.749367517	2.5198		0.14302273	0.094534124
2336.750	0.341746011	4.735660722	2.5228		0.14042726	0.092436802
2336.875	0.342081106	4.722040130	2.5250		0.13804982	0.090825582
2337.000	0.340851308	4.708490391	2.5278		0.13492808	0.088937667
2337.125	0.341257734	4.695025421	2.5257		0.13383266	0.088161229
2337.250	0.343697534	4.702535122	2.5192		0.13405020	0.087977475
2337.375	0.346402078	4.749115981	2.5138		0.13292334	0.086878420
2337.500	0.348340464	4.801682817	2.5154		0.13122864	0.085516392
2337.625	0.346899112	4.844170589	2.5213		0.12978287	0.084761309
2337.750	0.345162066	4.894242851	2.5275		0.12527594	0.082035437
2337.875	0.344633636	4.938607967	2.5332		0.11854050	0.077687459
2338.000	0.345423061	4.947728632	2.5375		0.11249767	0.073638382
2338.125	0.345798821	4.922326088	2.5387		0.11040926	0.072229865
2338.250	0.345041455	4.868794177	2.5389		0.11850256	0.077614264
2338.375	0.344481028	4.822020757	2.5402		0.12245320	0.080270398
2338.500	0.345888204	4.768793807	2.5409		0.12352050	0.080796219
2338.625	0.348466400	4.731846093	2.5380		0.12259280	0.079873331
2338.750	0.350472124	4.756554951	2.5298		0.11969033	0.077742207
2338.875	0.353379731	4.801682817	2.5276		0.11488732	0.074288471
2339.000	0.351225241	4.841493567	2.5325		0.11083047	0.071904011
2339.125	0.346690868	4.865577333	2.5379		0.10849128	0.070878346
2339.250	0.343306469	4.871081186	2.5399		0.10336713	0.067880526
2339.375	0.342673142	4.884065950	2.5389		0.09455034	0.062150476
2339.500	0.343566844	4.856439567	2.5408		0.09052314	0.059422391
2339.625	0.346057914	4.792376426	2.5448		0.08832377	0.057758633
2339.750	0.352160518	4.914494673	2.5482		0.08052317	0.052166090
2339.875	0.359098788	5.079920768	2.5507		0.07418393	0.047544569
2340.000	0.365713113	5.086616327	2.5500		0.07643475	0.048481562
2340.125	0.371999706	5.024871506	2.5448		0.08435754	0.052976562
2340.250	0.379300337	5.006898304	2.5404		0.09190025	0.057042456
2340.375	0.389832722	4.969317249	2.5333		0.11541774	0.070424130
2340.500	0.401034008	4.574087836	2.5223		0.16171309	0.096860639
2340.625	0.411465445	4.228837628	2.5096		0.18404268	0.108315474
2340.750	0.414544643	4.123556669	2.4960		0.20289949	0.118788592
2340.875	0.399925036	4.079236393	2.4811		0.18473200	0.110853047
2341.000	0.371585648	4.184672055	2.4727		0.19969376	0.125490426
2341.125	0.361547355	4.552144377	2.4636		0.17579059	0.112233964
2341.250	0.358908453	4.741700242	2.4613		0.17393676	0.111509384
2341.375	0.359704803	4.702535122	2.4657		0.16718494	0.107047717
2341.500	0.362340362	4.658559804	2.4754		0.16643344	0.106127886
2341.625	0.366723987	4.634468530	2.4923		0.16970874	0.107472472
2341.750	0.369170447	4.656297279	2.4972		0.17269880	0.108943506
2341.875	0.369219923	4.681536600	2.4995		0.17790275	0.112217513
2342.000	0.368196393	4.627616959	2.4999		0.18321658	0.115756895
2342.125	0.368164417	4.616741227	2.4990		0.18330591	0.115819198
2342.250	0.370946472	4.593833796	2.4979		0.18361702	0.115504936
2342.375	0.372917857	4.563093141	2.4935		0.19531227	0.122476835
2342.500	0.375830690	4.529515264	2.4862		0.20531372	0.128150522
2342.625	0.379599942	4.498199245	2.4799		0.21305982	0.132182322
2342.750	0.386900180	4.571858608	2.4734		0.20998302	0.128740553
2342.875	0.401910941	4.615937392	2.4656		0.20167877	0.120621864
2343.000	0.430891543	4.655572029	2.4585		0.20033245	0.114010891
2343.125	0.467595243	4.685947428	2.4512		0.21033060	0.111981015
2343.250	0.518573419	4.712267442	2.4386		0.24024536	0.115660502
2343.375	0.587204431	4.654960719	2.4231		0.28323877	0.116919710
2343.500	0.658868943	4.483144703	2.4062		0.34464033	0.117567520
2343.625	0.699902649	4.394055834	2.3866		0.42985595	0.128998633
2343.750	0.693123338	4.534021721	2.3554		0.54183425	0.166276287
2343.875	0.705151069	4.310881607	2.3246		0.66792378	0.196936612
2344.000	0.694519672	4.262472703	2.2940		0.78731109	0.240508050
2344.125	0.661748125	4.371287204	2.2634		0.86148055	0.291397411
2344.250	0.626697783	4.445517691	2.2352		0.84033965	0.313700655
2344.375	0.618280384	3.951828663	2.2155		0.68001504	0.259575081
2344.500	0.649802524	3.889956310	2.1927		0.65691169	0.230048816
2344.625	0.673081716	3.864650778	2.1713		0.83042632	0.271481548
2344.750	0.664104592	3.904403095	2.1484		0.99743042	0.335032300
2344.875	0.631695239	3.808428723	2.1267		1.05269762	0.387713546
2345.000	0.597092115	3.774967142	2.1179		0.95396052	0.384358214
2345.125	0.560872670	4.480502734	2.1615		0.75604146	0.331998469
2345.250	0.522981272	4.445517691	2.2348		0.59356379	0.283141046
2345.375	0.487806923	4.387315282	2.3096		0.46949434	0.240471752
2345.500	0.455171352	4.322230664	2.3839		0.39473031	0.215060381
2345.625	0.429749424	4.284703096	2.4555		0.35314157	0.201379183
2345.750	0.420155748	4.371193193	2.5179		0.30199682	0.175111120
2345.875	0.423226486	4.609168336	2.5471		0.26081632	0.150431944
2346.000	0.429972767	4.802560218	2.5544		0.24104755	0.137403668
2346.125	0.440577686	4.786793352	2.5593		0.23498975	0.131458509
2346.250	0.456940090	4.751528871	2.5678		0.23449619	0.127345477
2346.375	0.479994713	4.751521466	2.5796		0.24013260	0.124870220
2346.500	0.504470651	4.836002639	2.5912		0.25243708	0.125089981
2346.625	0.530059564	4.924138719	2.6046		0.26515920	0.124609028
2346.750	0.547419589	5.015967832	2.6168		0.28776767	0.130238010
2346.875	0.534547090	5.111484127	2.6284		0.31083828	0.144680582
2347.000	0.493301592	5.126206381	2.6401		0.31614693	0.160191146
2347.125	0.447856565	5.062636560	2.6517		0.27998483	0.154591786
2347.250	0.427846211	4.996166142	2.6628		0.22528957	0.128900282
2347.375	0.422804596	4.954184691	2.6698		0.16943657	0.097798008
2347.500	0.423054686	4.969317249	2.6677		0.13196623	0.076137297
2347.625	0.426368161	4.996354460	2.6566		0.11203302	0.064265708
2347.750	0.432590468	5.013072891	2.6386		0.10206794	0.057914320
2347.875	0.441997762	5.008115551	2.6157		0.09819451	0.054792757
2348.000	0.457591834	5.003020223	2.6136		0.09150689	0.049634086
2348.125	0.488125836	5.013072891	2.6117		0.08814895	0.045121168
2348.250	0.525938450	5.057605929	2.6129		0.09132944	0.043295778
2348.375	0.563366894	4.980186428	2.6170		0.10816765	0.047229578
2348.500	0.593634284	4.841285991	2.6212		0.13712135	0.055721417
2348.625	0.604626822	4.709668705	2.6254		0.16905379	0.066839335
2348.750	0.585101911	4.584218699	2.6296		0.20254519	0.084035614
2348.875	0.567223755	4.563701052	2.6313		0.22958833	0.099360374
2349.000	0.574307062	4.598101639	2.6277		0.25218766	0.107354506
2349.125	0.609361804	4.666310285	2.6193		0.27369799	0.106916888
2349.250	0.637268974	4.747585141	2.6115		0.29957432	0.108664900
2349.375	0.637857498	4.822180921	2.6082		0.34324059	0.124302005
2349.500	0.613277405	4.812042950	2.6165		0.39099640	0.151207144
2349.625	0.584245481	4.840840147	2.6283		0.40897482	0.170033132
2349.750	0.549981395	4.848199387	2.6400		0.39404249	0.177326450
2349.875	0.503888741	4.817007659	2.6502		0.35967528	0.178438954
2350.000	0.459425026	4.710927679	2.6501		0.33137070	0.179130706
2350.125	0.427290299	4.672324465	2.6445		0.30518042	0.174779790
2350.250	0.408686432	4.601786944	2.6385		0.27019326	0.159768939
2350.375	0.395816308	4.603343346	2.6302		0.22771743	0.137583156
2350.500	0.385911519	4.607426951	2.6190		0.18872349	0.115892920
2350.625	0.383707613	4.650558348	2.6076		0.15995418	0.098578545
2350.750	0.397511113	4.734866420	2.5999		0.14264847	0.085944115
2350.875	0.412675126	4.761019122	2.5979		0.14023269	0.082362149
2351.000	0.424165460	4.686048262	2.5994		0.15250772	0.087819210
2351.125	0.428874100	4.673585043	2.6036		0.16593911	0.094772121
2351.250	0.427717401	4.718276611	2.6096		0.17336750	0.099215201
2351.375	0.431229718	4.763518551	2.6135		0.18280395	0.103973454
2351.500	0.440749796	4.809644098	2.6187		0.19264419	0.107736305
2351.625	0.443810174	4.852845044	2.6193		0.21248066	0.118179581
2351.750	0.432243310	4.756183933	2.6165		0.24210100	0.137454461
2351.875	0.408985061	4.656318613	2.6121		0.26681260	0.157690230
2352.000	0.385932421	4.562232779	2.6072		0.27283403	0.167538532
2352.125	0.364555950	4.474696095	2.6032		0.25208961	0.160188845
2352.250	0.355175963	4.391732876	2.5962		0.22166749	0.142936525
2352.375	0.353398485	4.323609812	2.5868		0.19057090	0.123223431
2352.500	0.354227429	4.310881607	2.5743		0.16890600	0.109074862
2352.625	0.353839552	4.471703312	2.5594		0.15743862	0.101730611
2352.750	0.352975968	4.553966654	2.5474		0.15258438	0.098725758
2352.875	0.355517545	4.655557811	2.5488		0.14703052	0.094758593
2353.000	0.361115758	4.666146024	2.5526		0.14794848	0.094521951
2353.125	0.367530392	4.614672791	2.5566		0.15641679	0.098928865
2353.250	0.372484957	4.564322792	2.5600		0.17499631	0.109812819
2353.375	0.373975556	4.516042790	2.5631		0.20672974	0.129417869
2353.500	0.369292202	4.507103357	2.5658		0.21992862	0.138710693
2353.625	0.366266664	4.556927563	2.5670		0.20885617	0.132359115
2353.750	0.367533672	4.588834719	2.5630		0.18914603	0.119628497
2353.875	0.372404634	4.561495584	2.5551		0.17555292	0.110176196
2354.000	0.379022393	4.517535029	2.5472		0.17891618	0.111102940
2354.125	0.385146718	4.498199245	2.5443		0.20700638	0.127278553
2354.250	0.385357184	4.489336855	2.5421		0.23613158	0.145136576
2354.375	0.367603755	4.450482067	2.5404		0.24955541	0.157817904
2354.500	0.352075084	4.423497278	2.5383		0.23710976	0.153629324
2354.625	0.344732848	4.447631874	2.5328		0.20819038	0.136420315
2354.750	0.342344989	4.471703312	2.5212		0.18608580	0.122380256
2354.875	0.342356195	4.471703312	2.5083		0.17777186	0.116910560
2355.000	0.344744976	4.489336855	2.5019		0.17290279	0.113295420
2355.125	0.347097503	4.552144377	2.5028		0.16558473	0.108110682
2355.250	0.350561302	4.561263553	2.5097		0.16004312	0.103938197
2355.375	0.355302936	4.552144377	2.5189		0.15687887	0.101139346
2355.500	0.358757605	4.561263553	2.5256		0.15679433	0.100543174
2355.625	0.358859802	4.579605077	2.5311		0.16560481	0.106175900
2355.750	0.355509244	4.598101639	2.5334		0.17495150	0.112754623
2355.875	0.350740867	4.623707859	2.5345		0.18016909	0.116976426
2356.000	0.345887097	4.644989233	2.5333		0.17562054	0.114875661
2356.125	0.342216294	4.635539599	2.5277		0.16094593	0.105867613
2356.250	0.342975656	4.607399100	2.5197		0.15682176	0.103035713
2356.375	0.343684353	4.604970354	2.5177		0.15824961	0.103861693
2356.500	0.345498505	4.602544169	2.5155		0.15986453	0.104631571
2356.625	0.346478339	4.600120538	2.5133		0.16182945	0.105759048
2356.750	0.345552406	4.597699458	2.5125		0.16333487	0.106894112
2356.875	0.343556688	4.595280926	2.5148		0.16161403	0.106090449
2357.000	0.344979099	4.592864937	2.5194		0.15893521	0.104105886
2357.125	0.347175897	4.590451486	2.5246		0.15711185	0.102566401
2357.250	0.348773238	4.593598464	2.5290		0.15546935	0.101245802
2357.375	0.348745559	4.608137277	2.5319		0.15391731	0.100239333
2357.500	0.346815240	4.626121316	2.5324		0.15308077	0.099990027
2357.625	0.344345569	4.626935725	2.5288		0.15377908	0.100825936
2357.750	0.345042558	4.616112115	2.5284		0.15575899	0.102015510
2357.875	0.347336090	4.601898080	2.5338		0.15684078	0.102364315
2358.000	0.350006996	4.598275014	2.5408		0.15999364	0.103994747
2358.125	0.352326367	4.606911753	2.5473		0.16549681	0.107187922
2358.250	0.353951988	4.619861361	2.5538		0.17094718	0.110440084
2358.375	0.351935106	4.638946352	2.5597		0.18070402	0.117107933
2358.500	0.348581775	4.658189681	2.5583		0.18214895	0.118655144
2358.625	0.347576826	4.677586149	2.5516		0.17477150	0.114024975
2358.750	0.347735574	4.697152060	2.5453		0.16336299	0.106555866
2358.875	0.348029352	4.716875047	2.5434		0.15346917	0.100057397
2359.000	0.351487353	4.736771722	2.5423		0.14805349	0.096014563
2359.125	0.355219425	4.751595519	2.5437		0.14940929	0.096336209
2359.250	0.359002591	4.725956169	2.5491		0.14881755	0.095391662
2359.375	0.362823062	4.690431520	2.5561		0.15056005	0.095933389
2359.500	0.366519160	4.655436958	2.5632		0.15488234	0.098114998
2359.625	0.369658664	4.636152868	2.5697		0.15802270	0.099608238
2359.750	0.370458268	4.634221972	2.5728		0.16049152	0.101036106
2359.875	0.368883949	4.665160703	2.5664		0.16915172	0.106754367
2360.000	0.364129072	4.713003180	2.5596		0.17316236	0.110108913
2360.125	0.359929077	4.767265166	2.5543		0.16726129	0.107059086
2360.250	0.358096361	4.822020757	2.5526		0.15121815	0.097067483
2360.375	0.355261178	4.842524024	2.5599		0.13229832	0.085297866
2360.500	0.351876590	4.815219793	2.5628		0.13145719	0.085200479
2360.625	0.348032141	4.773445407	2.5627		0.13474091	0.087846741
2360.750	0.344802041	4.735182638	2.5598		0.14196207	0.093013260
2360.875	0.342493977	4.706963825	2.5526		0.15223708	0.100096797
2361.000	0.341224251	4.678727503	2.5405		0.16411755	0.108116665
2361.125	0.342836815	4.663847588	2.5294		0.17333908	0.113912062
2361.250	0.343094835	4.668010705	2.5251		0.17822553	0.117077272
2361.375	0.342131077	4.687835180	2.5235		0.18304246	0.120417946
2361.500	0.340630661	4.707937805	2.5235		0.18743241	0.123587184
2361.625	0.339327745	4.712267442	2.5238		0.19098657	0.126179530
2361.750	0.338824262	4.705234913	2.5227		0.19361358	0.128012599
2361.875	0.340838803	4.695379728	2.5212		0.19425618	0.128046137
2362.000	0.345057184	4.685565740	2.5210		0.19267949	0.126194051
2362.125	0.349214513	4.673585043	2.5241		0.18746638	0.122000398
2362.250	0.352005511	4.675756837	2.5298		0.17939254	0.116245378
2362.375	0.352942772	4.690532547	2.5350		0.17148918	0.110963312
2362.500	0.352543021	4.705394675	2.5354		0.16766576	0.108556366
2362.625	0.351876590	4.720351285	2.5311		0.16299517	0.105640986
2362.750	0.353157336	4.735410635	2.5281		0.15964171	0.103263066
2362.875	0.355182825	4.751595519	2.5261		0.15708151	0.101288858
2363.000	0.356356617	4.747134212	2.5249		0.15779450	0.101563386
2363.125	0.355501802	4.704203982	2.5251		0.16621752	0.107126890
2363.250	0.356434714	4.663840454	2.5222		0.17562721	0.113027574
2363.375	0.357422783	4.626858484	2.5176		0.18885779	0.121355711
2363.500	0.360059886	4.597096320	2.5133		0.19982164	0.127873885
2363.625	0.365133968	4.577397959	2.5107		0.20644617	0.131065661
2363.750	0.372885679	4.572523720	2.5109		0.21021305	0.131827611
2363.875	0.382927498	4.570460449	2.5133		0.21949335	0.135443312
2364.000	0.399035970	4.576731429	2.5175		0.22728332	0.136589100
2364.125	0.426755013	4.622481048	2.5245		0.23175299	0.132851237
2364.250	0.461189152	4.687453184	2.5328		0.23485691	0.126543448
2364.375	0.498960471	4.741235684	2.5460		0.23855804	0.119527008
2364.500	0.539228272	4.792338760	2.5703		0.24364017	0.112262504
2364.625	0.572415727	4.916483885	2.5945		0.25573697	0.109349104
2364.750	0.585230406	4.947728632	2.6126		0.28038929	0.116296951
2364.875	0.590631024	4.905101396	2.6308		0.28919627	0.118387979
2365.000	0.594418441	4.989583944	2.6434		0.27797643	0.112742114
2365.125	0.597522784	4.991103259	2.6462		0.26601433	0.107064707
2365.250	0.594533757	4.903783838	2.6454		0.27050847	0.109682053
2365.375	0.597689794	4.857762763	2.6452		0.28153620	0.113264887
2365.500	0.601929115	4.737264849	2.6451		0.30134575	0.119956971
2365.625	0.592262049	4.627883889	2.6450		0.34504063	0.140686158
2365.750	0.566160400	4.570419339	2.6438		0.40159455	0.174227618
2365.875	0.532720974	4.565491575	2.6383		0.43685543	0.204133382
2366.000	0.511163670	4.571152568	2.6194		0.38070712	0.186103473
2366.125	0.516538675	4.597020072	2.5962		0.35325358	0.170784444
2366.250	0.523816291	4.619770355	2.5766		0.34713436	0.165299728
2366.375	0.519664789	4.654115102	2.5703		0.35864778	0.172271155
2366.500	0.503720114	4.697658687	2.5787		0.36790137	0.182582049
2366.625	0.491856316	4.743087083	2.5898		0.33059022	0.167987331
2366.750	0.510016691	4.750840281	2.5990		0.28204304	0.138196383
2366.875	0.516206748	4.722830134	2.6049		0.26870810	0.129999167
2367.000	0.514047375	4.731398149	2.6094		0.27217713	0.132265189
2367.125	0.514259765	4.761844536	2.6132		0.27215407	0.132196181
2367.250	0.526895225	4.860581794	2.6150		0.25485633	0.120573744
2367.375	0.544774907	4.969066172	2.6106		0.25555599	0.116335498
2367.500	0.514963389	5.057622709	2.6003		0.27757107	0.134632129
2367.625	0.472707633	4.992206566	2.6021		0.30215305	0.159322996
2367.750	0.431748701	4.936217164	2.6115		0.31301031	0.177868517
2367.875	0.398766760	4.882916071	2.6212		0.29837745	0.179394438
2368.000	0.376428042	4.825287161	2.6253		0.24741775	0.154282772
2368.125	0.375759283	4.736771722	2.6165		0.20588026	0.128518842
2368.250	0.392850406	4.722040130	2.6008		0.16807002	0.102043643
2368.375	0.419843800	4.758789703	2.5827		0.15304831	0.088791924
2368.500	0.459358569	4.763518551	2.5700		0.16036516	0.086700051
2368.625	0.516607006	4.751469630	2.5674		0.17710899	0.085613245
2368.750	0.582271321	4.762387532	2.5671		0.19163897	0.080053095
2368.875	0.658991690	4.751365961	2.5715		0.22691087	0.077378493
2369.000	0.735090188	4.672224221	2.5772		0.27715655	0.073421489
2369.125	0.778242943	4.528909697	2.5814		0.33106720	0.073416488
2369.250	0.777548592	4.536052216	2.5829		0.36935283	0.082163058
2369.375	0.760977412	4.570419339	2.5818		0.38745313	0.092610051
2369.500	0.816654527	4.607399100	2.5789		0.38481550	0.070554179
2369.625	0.817880927	4.751595519	2.5652		0.40939586	0.074558794
2369.750	0.808637100	4.791585577	2.5505		0.41366514	0.079160161
2369.875	0.810242003	4.635539599	2.5318		0.40547765	0.076942627
2370.000	0.831709929	4.832246812	2.5046		0.39616437	0.066670531
2370.125	0.872081183	4.677665092	2.4706		0.45321905	0.057975245
2370.250	0.916723233	4.447690270	2.4363		0.53047974	0.044176638
2370.375	0.965559148	4.278485747	2.3859		0.66390702	0.022865524
2370.500	0.990000000	4.377167727	2.3233		0.81068558	0.008106856
2370.625	0.980223322	4.106710069	2.2548		0.95185406	0.018824511
2370.750	0.946623856	3.919143984	2.1865		1.03315012	0.055145570
2370.875	0.884730379	3.806517226	2.1184		1.10589476	0.127476070
2371.000	0.798835113	3.993404302	2.0727		1.18144470	0.237665190
2371.125	0.725077075	3.864650778	2.0584		1.22361107	0.336398734
2371.250	0.662859433	4.066461201	2.0627		1.13709352	0.383360354
2371.375	0.604875860	4.235476213	2.0862		0.93538588	0.369593542
2371.500	0.543250579	4.775277175	2.1654		0.69850903	0.319043594
2371.625	0.490190230	4.714635734	2.2544		0.56253633	0.286786518
2371.750	0.445803782	4.782805897	2.3443		0.47885334	0.265378712
2371.875	0.416365531	4.579605077	2.4342		0.40031723	0.233638936
2372.000	0.398980526	4.811830297	2.5297		0.29428208	0.176869262
2372.125	0.388468694	4.811830297	2.6245		0.21417390	0.130974045
2372.250	0.386502056	5.035236788	2.6253		0.19092306	0.117130903
2372.375	0.381744432	5.024134536	2.6239		0.17854663	0.110387451
2372.500	0.375492189	4.812574665	2.6159		0.19374014	0.120992229
2372.625	0.368756970	4.721820731	2.6054		0.21294155	0.134417869
2372.750	0.362123316	4.699497936	2.5955		0.22552401	0.143856507
2372.875	0.355660420	4.675828547	2.5858		0.23294691	0.150096916
2373.000	0.353504496	4.651714938	2.5761		0.22908045	0.148099484
2373.125	0.351928604	4.641884549	2.5687		0.22200530	0.143875287
2373.250	0.349972738	4.637485702	2.5593		0.22101318	0.143664594
2373.375	0.347307716	4.610074377	2.5480		0.21931537	0.143145452
2373.500	0.344306210	4.565060901	2.5371		0.20692228	0.135677651
2373.625	0.342765915	4.520917962	2.5291		0.19607665	0.128868259
2373.750	0.342285143	4.480331542	2.5248		0.19439402	0.127855832
2373.875	0.344703907	4.445686233	2.5253		0.19465710	0.127558037
2374.000	0.347390620	4.413367122	2.5295		0.19506255	0.127299648
2374.125	0.349985093	4.394125497	2.5354		0.19462593	0.126509759
2374.250	0.355224858	4.405726683	2.5410		0.19303844	0.124466389
2374.375	0.361525146	4.457620298	2.5474		0.18973403	0.121140405
2374.500	0.368760863	4.519403390	2.5463		0.18535833	0.117005435
2374.625	0.376247824	4.599960904	2.5431		0.18266499	0.113937682
2374.750	0.383483805	4.609384360	2.5406		0.18601504	0.114681286
2374.875	0.390124982	4.588834719	2.5411		0.19283361	0.117604400
2375.000	0.396085672	4.588834719	2.5479		0.19624654	0.118516096
2375.125	0.432959520	4.598101639	2.5522		0.20300018	0.115109322
2375.250	0.457505754	4.644989233	2.5467		0.22264347	0.120782800
2375.375	0.485387569	4.697810696	2.5407		0.24869289	0.127980454
2375.500	0.520331756	4.762328019	2.5417		0.27410562	0.131479760
2375.625	0.542684040	4.852489746	2.5527		0.29540002	0.135091146
2375.750	0.507340788	4.804421975	2.5646		0.32884552	0.162008775
2375.875	0.464284336	4.730891560	2.5767		0.36111708	0.193456077
2376.000	0.432990931	4.658047341	2.5847		0.34878727	0.197765548
2376.125	0.415520820	4.589014304	2.5894		0.31415954	0.183619711
2376.250	0.407810136	4.570234356	2.5917		0.28591654	0.169316878
2376.375	0.400328070	4.559817307	2.5900		0.27196050	0.163087078
2376.500	0.393210278	4.546693065	2.5820		0.27222523	0.165183469
2376.625	0.387898345	4.525011039	2.5701		0.26783485	0.163942153
2376.750	0.383549485	4.507103357	2.5610		0.25935165	0.159877456
2376.875	0.380860792	4.531063558	2.5552		0.24744690	0.153204075
2377.000	0.381109840	4.569159010	2.5501		0.23555978	0.145785632
2377.125	0.382664448	4.593058676	2.5484		0.22857297	0.141106219
2377.250	0.380976408	4.601703595	2.5483		0.23178181	0.143478408
2377.375	0.378600536	4.607399100	2.5487		0.23953984	0.148849928
2377.500	0.376624654	4.607399100	2.5462		0.24113489	0.150317546
2377.625	0.374633076	4.607399100	2.5409		0.23232560	0.145288744
2377.750	0.370337545	4.602050902	2.5389		0.22271165	0.140233163
2377.875	0.372066298	4.594463774	2.5365		0.21773632	0.136723974
2378.000	0.374674295	4.580527058	2.5350		0.21596681	0.135049595
2378.125	0.376347284	4.546469317	2.5338		0.22035084	0.137422400
2378.250	0.378360927	4.512907620	2.5328		0.22658472	0.140853916
2378.375	0.383299724	4.480502734	2.5321		0.22954611	0.141561149
2378.500	0.391831309	4.480502734	2.5309		0.23127853	0.140656363
2378.625	0.403144045	4.500622940	2.5309		0.23223232	0.138609241
2378.750	0.414535300	4.530639355	2.5330		0.23881081	0.139815298
2378.875	0.422776228	4.561263553	2.5454		0.24962433	0.144089100
2379.000	0.424780873	4.618104892	2.5659		0.25938874	0.149205363
2379.125	0.418590480	4.675900260	2.5783		0.26348290	0.153191467
2379.250	0.405038474	4.735160575	2.5863		0.26041929	0.154939456
2379.375	0.392508079	4.771503027	2.5925		0.25406896	0.154344839
2379.500	0.383310402	4.717473530	2.5957		0.24476971	0.150946934
2379.625	0.377391110	4.672732646	2.5935		0.23033589	0.143409172
2379.750	0.373789172	4.638148878	2.5840		0.21523648	0.134783414
2379.875	0.371785498	4.630357968	2.5682		0.20985789	0.131835768
2380.000	0.369611518	4.654427731	2.5614		0.20482810	0.129121277
2380.125	0.367890523	4.673799982	2.5594		0.20187757	0.127608728
2380.250	0.368487917	4.663119985	2.5592		0.20232768	0.127772374
2380.375	0.371098821	4.650416475	2.5576		0.20504685	0.128954208
2380.500	0.373077887	4.636977866	2.5520		0.20918924	0.131145361
2380.625	0.371760396	4.624507388	2.5443		0.21337416	0.134050097
2380.750	0.372054795	4.616230934	2.5415		0.21363828	0.134153134
2380.875	0.373377220	4.635645324	2.5411		0.20929845	0.131151178
2381.000	0.374975513	4.651459446	2.5438		0.20375803	0.127353757
2381.125	0.375933080	4.667381834	2.5493		0.19865195	0.123972110
2381.250	0.375139996	4.675082863	2.5533		0.19260520	0.120351288
2381.375	0.376452919	4.679495898	2.5568		0.18844791	0.117506143
2381.500	0.378863239	4.683176199	2.5587		0.18724623	0.116305517
2381.625	0.383813287	4.683212168	2.5593		0.18839377	0.116085737
2381.750	0.391161777	4.683176199	2.5615		0.19020724	0.115805438
2381.875	0.399784738	4.683226556	2.5682		0.19120862	0.114766334
2382.000	0.413040406	4.682996362	2.5715		0.19390995	0.113817304
2382.125	0.421865119	4.683197780	2.5743		0.19938063	0.115268898
2382.250	0.430144806	4.693818290	2.5748		0.21163850	0.120603298
2382.375	0.436279147	4.717634124	2.5756		0.22888149	0.129025268
2382.500	0.435521143	4.741700242	2.5782		0.24515726	0.138386090
2382.625	0.420528914	4.803725539	2.5800		0.24761738	0.143487113
2382.750	0.391778391	4.867395026	2.5810		0.23347245	0.142002991
2382.875	0.371446043	4.932495640	2.5809		0.19555182	0.122914869
2383.000	0.359064304	5.000796327	2.5817		0.15070234	0.096590507
2383.125	0.352066033	5.013996270	2.5834		0.11705149	0.075841634
2383.250	0.347605784	4.934898815	2.5832		0.10711202	0.069879259
2383.375	0.346139622	4.883275839	2.5696		0.11310354	0.073953920
2383.500	0.346921611	4.828580935	2.5491		0.12927741	0.084428282
2383.625	0.348433724	4.764009819	2.5433		0.13953929	0.090919094
2383.750	0.349955892	4.715095094	2.5492		0.14298505	0.092946587
2383.875	0.350552017	4.692236226	2.5578		0.14242419	0.092497103
2384.000	0.348984136	4.683499940	2.5592		0.14185398	0.092349194
2384.125	0.346867171	4.685176914	2.5533		0.15186106	0.099185443
2384.250	0.343609120	4.687806348	2.5513		0.15653063	0.102745278
2384.375	0.342046159	4.690431520	2.5501		0.15988217	0.105195086
2384.500	0.343192683	4.693059633	2.5480		0.16341219	0.107330322
2384.625	0.346943835	4.695697926	2.5438		0.16747621	0.109371369
2384.750	0.352626894	4.698331946	2.5354		0.17309562	0.112057451
2384.875	0.358929305	4.700976171	2.5321		0.18046115	0.115688357
2385.000	0.368321041	4.702535122	2.5361		0.18663606	0.117894070
2385.125	0.376772503	4.690236694	2.5433		0.19264598	0.120062272
2385.250	0.382134635	4.665446261	2.5512		0.20177244	0.124668204
2385.375	0.385733278	4.630590048	2.5611		0.21895066	0.134494103
2385.500	0.383613292	4.596243876	2.5713		0.23890185	0.147255924
2385.625	0.381842249	4.562403460	2.5819		0.24349890	0.150520732
2385.750	0.379788043	4.543068361	2.5846		0.23989022	0.148782785
2385.875	0.374849308	4.561263553	2.5755		0.23413353	0.146368736
2386.000	0.366053250	4.678727503	2.5583		0.22655159	0.143621647
2386.125	0.358353510	4.795097431	2.5517		0.21115636	0.135487740
2386.250	0.354096085	4.917395815	2.5542		0.18418300	0.118964520
2386.375	0.352946744	5.024134536	2.5571		0.15791158	0.102177205
2386.500	0.353281720	4.980186428	2.5606		0.14669826	0.094872446
2386.625	0.352696335	4.882227968	2.5645		0.15372730	0.099508242
2386.750	0.348907199	4.780016381	2.5679		0.17813784	0.115984268
2386.875	0.345100512	4.692850142	2.5683		0.21025509	0.137695949
2387.000	0.342661923	4.613004021	2.5611		0.21689071	0.142570520
2387.125	0.341255829	4.598101639	2.5445		0.21130574	0.139196425
2387.250	0.340477506	4.619784356	2.5281		0.20234184	0.133448997
2387.375	0.340490266	4.645973131	2.5194		0.19439058	0.128202480
2387.500	0.342812723	4.677700977	2.5145		0.18415912	0.121027029
2387.625	0.345850289	4.709865148	2.5119		0.17584968	0.115032015
2387.750	0.347355285	4.742474708	2.5085		0.17261518	0.112656388
2387.875	0.348610556	4.775538971	2.5056		0.16913635	0.110173632
2388.000	0.350789577	4.811830297	2.5050		0.16376531	0.106318149
2388.125	0.354804799	4.811830297	2.5079		0.15987946	0.103153457
2388.250	0.361664269	4.801682817	2.5126		0.16248429	0.103719529
2388.375	0.368351837	4.768913157	2.5172		0.17865105	0.112844610
2388.500	0.372180145	4.737014592	2.5219		0.19510647	0.122491713
2388.625	0.370906060	4.701809900	2.5264		0.21360395	0.134376953
2388.750	0.365897516	4.683197780	2.5299		0.22858366	0.144945468
2388.875	0.363745789	4.714125439	2.5308		0.21948543	0.139648527
2389.000	0.359469094	4.761792474	2.5286		0.20227673	0.129564494
2389.125	0.354822503	4.810425740	2.5286		0.18166716	0.117207565
2389.250	0.350882516	4.860411320	2.5300		0.16336020	0.106039963
2389.375	0.349353164	4.910584348	2.5308		0.14676167	0.095490016
2389.500	0.351469570	4.948266664	2.5303		0.13189216	0.085536076
2389.625	0.355228862	4.912166726	2.5340		0.14043860	0.090550756
2389.750	0.359372195	4.851346967	2.5373		0.15439809	0.098911709
2389.875	0.362922281	4.791849164	2.5403		0.16967368	0.108095319
2390.000	0.364540894	4.737780166	2.5444		0.18430504	0.117118318
2390.125	0.363308906	4.708606742	2.5504		0.19540843	0.124414806
2390.250	0.359072997	4.708199540	2.5579		0.19989393	0.128117415
2390.375	0.351167152	4.714803427	2.5617		0.18920978	0.122765522
2390.500	0.347390898	4.722208349	2.5629		0.16829084	0.109828135
2390.625	0.346547962	4.756428799	2.5623		0.14662559	0.095812788
2390.750	0.348104099	4.789515544	2.5604		0.13034047	0.084968420
2390.875	0.351648577	4.824317462	2.5568		0.12092118	0.078399419
2391.000	0.356542706	4.862170875	2.5474		0.11644170	0.074925264
2391.125	0.361991292	4.906688138	2.5418		0.11015588	0.070280409
2391.250	0.367309515	4.985528805	2.5384		0.11106931	0.070272497
2391.375	0.372591380	5.013501560	2.5386		0.11993031	0.075245308
2391.500	0.378830737	4.965303058	2.5401		0.13695118	0.085069866
2391.625	0.387925116	4.913908519	2.5377		0.16045619	0.098211207
2391.750	0.402973614	4.863621334	2.5335		0.16936643	0.101116226
2391.875	0.431737054	4.862876605	2.5231		0.17524141	0.099583198
2392.000	0.472270593	4.853548070	2.5168		0.20234168	0.106781652
2392.125	0.513622472	4.831320251	2.5210		0.24884479	0.121032513
2392.250	0.543798911	4.772869999	2.5359		0.30901428	0.140972649
2392.375	0.567396525	4.679072172	2.5506		0.38713183	0.167474576
2392.500	0.510037761	4.599960904	2.5562		0.46656852	0.228600957
2392.625	0.444082985	4.534021721	2.5586		0.51681041	0.287303703
2392.750	0.402663058	4.511458491	2.5576		0.47196547	0.281922409
2392.875	0.391004995	4.507103357	2.5524		0.35567569	0.216604716
2393.000	0.402940875	4.579605077	2.5426		0.25742158	0.153695901
2393.125	0.424427596	4.534021721	2.5320		0.24703082	0.142184122
2393.250	0.447954865	4.616741227	2.5284		0.27161318	0.149942737
2393.375	0.465979343	4.520803999	2.5281		0.31641292	0.168971034
2393.500	0.474962342	4.362074671	2.5333		0.36768642	0.193049216
2393.625	0.475940576	4.352074469	2.5452		0.40331671	0.211361923
2393.750	0.475648032	4.362236945	2.5596		0.40163346	0.210597297
2393.875	0.477085794	4.383965363	2.5751		0.34066390	0.178137991
2394.000	0.482469456	4.409945422	2.5914		0.30651133	0.158628975
2394.125	0.485979497	4.731633125	2.5991		0.28445994	0.146218244
2394.250	0.484529112	4.729064338	2.5991		0.28720067	0.148043584
2394.375	0.482643428	4.661487270	2.5975		0.29172415	0.150925406
2394.500	0.517095220	4.842593250	2.5925		0.26547022	0.128196838
2394.625	0.555994400	4.894910769	2.5875		0.25704684	0.114130235
2394.750	0.596194287	4.802303015	2.5824		0.32419614	0.130912254
2394.875	0.593284202	4.739017384	2.5786		0.42629401	0.173380507
2395.000	0.529642383	4.583550181	2.5770		0.52596901	0.247393531
2395.125	0.444465799	4.360053497	2.5767		0.60115297	0.333961037
2395.250	0.401363951	4.308840596	2.5718		0.51911136	0.310758775
2395.375	0.390131080	4.290630564	2.5643		0.39308299	0.239729101
2395.500	0.388303033	4.310881607	2.5507		0.31018368	0.189738415
2395.625	0.385147350	4.319058901	2.5354		0.27619359	0.169818359
2395.750	0.376910888	4.328293215	2.5262		0.25529614	0.159072247
2395.875	0.368556130	4.425147341	2.5293		0.23214378	0.146585764
2396.000	0.360459068	4.612299172	2.5344		0.19838653	0.126876307
2396.125	0.353496821	4.769338389	2.5377		0.17187874	0.111120153
2396.250	0.349653107	4.892460011	2.5400		0.15241737	0.099124160
2396.375	0.348897688	4.947728632	2.5419		0.13876545	0.090350505
2396.500	0.349040383	4.958503474	2.5430		0.12803223	0.083343811
2396.625	0.352330331	4.937400282	2.5401		0.12765760	0.082679956
2396.750	0.355333258	4.905101396	2.5366		0.12478324	0.080443602
2396.875	0.356014045	4.910204729	2.5373		0.11874386	0.076469376
2397.000	0.354769393	4.915691177	2.5442		0.11034022	0.071194885
2397.125	0.352943623	4.884065950	2.5568		0.10147418	0.065659512
2397.250	0.351650271	4.926963676	2.5716		0.09357722	0.060670767
2397.375	0.352450676	4.958503474	2.5830		0.08910142	0.057697565
2397.500	0.353386551	4.915691177	2.5886		0.08834052	0.057122168
2397.625	0.354299537	4.945738131	2.5909		0.08600838	0.055535653
2397.750	0.354742556	4.980186428	2.5917		0.08412543	0.054282560
2397.875	0.354092667	4.991103259	2.5916		0.08381130	0.054134334
2398.000	0.353547707	4.980186428	2.5893		0.08461028	0.054696509
2398.125	0.354497999	4.991103259	2.5856		0.08870009	0.057256085
2398.250	0.356678040	4.991103259	2.5807		0.09380665	0.060347881
2398.375	0.360329827	4.979779704	2.5751		0.09886145	0.063238721
2398.500	0.365622732	4.959576279	2.5699		0.10294468	0.065305763
2398.625	0.372343118	4.929584630	2.5657		0.10472699	0.065732619
2398.750	0.381373757	4.885811358	2.5684		0.10556506	0.065305317
2398.875	0.389497167	4.842524024	2.5710		0.10886923	0.066464976
2399.000	0.393841929	4.819771954	2.5736		0.11897272	0.072116275
2399.125	0.394976984	4.842524024	2.5758		0.13324620	0.080617020
2399.250	0.395784287	4.811830297	2.5761		0.14913501	0.090109717
2399.375	0.396589702	4.832246812	2.5685		0.16453862	0.099284296
2399.500	0.395808793	4.823546563	2.5605		0.17530892	0.105920110
2399.625	0.395612801	4.770233863	2.5525		0.19145888	0.115715296
2399.750	0.394058933	4.718086767	2.5475		0.20531278	0.124407443
2399.875	0.389666663	4.664018822	2.5471		0.21247400	0.129679963
2400.000	0.383272404	4.624402171	2.5496		0.21659720	0.133581469
2400.125	0.376465204	4.607399100	2.5532		0.20957408	0.130676733
2400.250	0.373228884	4.625714220	2.5562		0.19928051	0.124903265
2400.375	0.371436677	4.650707324	2.5553		0.19004126	0.119452968
2400.500	0.370074890	4.689522474	2.5505		0.18230282	0.114837124
2400.625	0.369231018	4.729365108	2.5440		0.17517508	0.110495005
2400.750	0.371109987	4.742128011	2.5374		0.16644187	0.104673629
2400.875	0.374583927	4.711568340	2.5369		0.15953741	0.099777261
2401.000	0.376968106	4.680429801	2.5404		0.15850525	0.098753824
2401.125	0.376122624	4.654484577	2.5467		0.15823580	0.098719738
2401.250	0.370888570	4.697687640	2.5539		0.15409047	0.096940077
2401.375	0.361761344	4.702535122	2.5594		0.15273232	0.097479670
2401.500	0.357305247	4.644989233	2.5656		0.14733195	0.094689473
2401.625	0.355517545	4.654484577	2.5719		0.13860489	0.089328422
2401.750	0.354300677	4.692366218	2.5780		0.12858889	0.083029758
2401.875	0.353424629	4.692850142	2.5842		0.12244630	0.079170762
2402.000	0.353430597	4.667360398	2.5887		0.12197644	0.078866231
2402.125	0.354793663	4.654484577	2.5824		0.12248035	0.079025097
2402.250	0.353060819	4.654484577	2.5769		0.12345813	0.079869899
2402.375	0.349493846	4.679898149	2.5740		0.12196584	0.079339533
2402.500	0.345235507	4.720636330	2.5723		0.12325220	0.080701165
2402.625	0.341729922	4.764210821	2.5702		0.12822154	0.084404401
2402.750	0.340507641	4.809401310	2.5661		0.13239178	0.087311367
2402.875	0.342273394	4.853099964	2.5604		0.13696474	0.090085356
2403.000	0.345649176	4.891408195	2.5552		0.14027678	0.091790229
2403.125	0.348065050	4.894557143	2.5500		0.14097383	0.091905767
2403.250	0.350133391	4.860217614	2.5448		0.14001988	0.090994244
2403.375	0.353705824	4.852845044	2.5398		0.13714127	0.088633601
2403.500	0.361012771	4.853223571	2.5356		0.13385085	0.085528983
2403.625	0.368295330	4.895036515	2.5338		0.12901799	0.081501269
2403.750	0.375771847	4.934451535	2.5378		0.12596105	0.078628433
2403.875	0.383453955	4.974165577	2.5439		0.12349702	0.076141596
2404.000	0.389400765	4.979909848	2.5484		0.12386806	0.075633744
2404.125	0.390518724	4.939408083	2.5496		0.12945907	0.078902879
2404.250	0.387218980	4.915691177	2.5512		0.13149608	0.080578299
2404.375	0.391574224	4.911715644	2.5559		0.13089192	0.079638020
2404.500	0.400565754	4.925260356	2.5595		0.12973843	0.077769660
2404.625	0.413251632	4.944903881	2.5629		0.13084758	0.076774606
2404.750	0.428637038	4.937000516	2.5670		0.13594241	0.077672457
2404.875	0.445158172	4.876347910	2.5717		0.14260410	0.079122719
2405.000	0.470488584	4.816786957	2.5809		0.15092918	0.079918726
2405.125	0.498250685	4.754878410	2.5916		0.16142858	0.080996679
2405.250	0.520840973	4.699143008	2.5984		0.17839372	0.085478960
2405.375	0.537207271	4.664496917	2.6009		0.19832525	0.091783482
2405.500	0.551797825	4.666881717	2.6018		0.21478670	0.096267866
2405.625	0.567945526	4.708374047	2.6014		0.23433339	0.101244789
2405.750	0.589542530	4.731846093	2.6031		0.26422129	0.108451602
2405.875	0.595850473	4.681752271	2.6071		0.30101456	0.121654891
2406.000	0.572755482	4.602981944	2.6120		0.33636051	0.143708185
2406.125	0.534048018	4.528613701	2.6161		0.35953475	0.167525930
2406.250	0.519577135	4.454214259	2.6177		0.35924259	0.172588356
2406.375	0.508582934	4.426509409	2.6139		0.34430327	0.169196501
2406.500	0.496242813	4.414325638	2.6073		0.34352459	0.173052981
2406.625	0.482179399	4.421842032	2.5999		0.34457641	0.178428762
2406.750	0.463666410	4.435499481	2.5946		0.34271369	0.183808865
2406.875	0.438844465	4.454214259	2.5942		0.33414340	0.187506419
2407.000	0.411163884	4.486680982	2.5985		0.30462468	0.179374012
2407.125	0.394629434	4.516042790	2.5955		0.27692762	0.167643828
2407.250	0.380415252	4.596112226	2.5909		0.24223366	0.150084283
2407.375	0.373680806	4.680472913	2.5890		0.20784890	0.130179756
2407.500	0.375934613	4.797413849	2.5917		0.18037557	0.112566149
2407.625	0.383094411	4.916214336	2.5976		0.16766253	0.103431949
2407.750	0.390262382	4.980511855	2.6028		0.16622969	0.101356493
2407.875	0.397522611	4.852003227	2.6083		0.17078343	0.102893156
2408.000	0.405482913	4.761524747	2.6082		0.16859824	0.100234534
2408.125	0.414678927	4.741700242	2.5985		0.16462625	0.096359213
2408.250	0.425690876	4.765677908	2.5794		0.16789710	0.096424834
2408.375	0.439489100	4.796628883	2.5606		0.18035436	0.101090587
2408.500	0.443588010	4.785876625	2.5501		0.21063546	0.117200097
2408.625	0.439779459	4.724381653	2.5467		0.24605941	0.137847536
2408.750	0.436925371	4.696189771	2.5449		0.26424034	0.148787030
2408.875	0.438769446	4.663562227	2.5422		0.25851321	0.145085511
2409.000	0.441886479	4.712027102	2.5391		0.23380390	0.130489120
2409.125	0.423897476	4.653873553	2.5389		0.24232303	0.139602911
2409.250	0.405386303	4.685212913	2.5510		0.25893446	0.153965975
2409.375	0.390642793	4.626121316	2.5621		0.25044411	0.152609920
2409.500	0.383284337	4.644989233	2.5634		0.21740640	0.134077931
2409.625	0.384415618	4.618300767	2.5530		0.18501447	0.113892021
2409.750	0.390473415	4.579605077	2.5411		0.17313794	0.105532177
2409.875	0.398396963	4.570419339	2.5358		0.17878606	0.107558238
2410.000	0.409964813	4.533934066	2.5397		0.17689851	0.104376345
2410.125	0.418209652	4.507216631	2.5456		0.17798518	0.103550059
2410.250	0.418436067	4.515534450	2.5511		0.18524296	0.107730622
2410.375	0.410333952	4.542526846	2.5571		0.19594909	0.115544524
2410.500	0.402940541	4.582675200	2.5598		0.20482880	0.122294973
2410.625	0.405139689	4.625180891	2.5582		0.20498878	0.121939687
2410.750	0.408505278	4.644989233	2.5551		0.19537317	0.115562196
2410.875	0.408707851	4.654484577	2.5501		0.19069560	0.112756812
2411.000	0.403818957	4.739231017	2.5437		0.19621394	0.116979029
2411.125	0.394838179	4.801682817	2.5377		0.20504692	0.124086567
2411.250	0.396776133	4.741700242	2.5363		0.20894857	0.126042766
2411.375	0.402573953	4.664018822	2.5320		0.20493450	0.122433209
2411.500	0.411954008	4.654484577	2.5273		0.19952499	0.117329874
2411.625	0.425953469	4.683197780	2.5258		0.19605861	0.112546766
2411.750	0.445603086	4.664018822	2.5303		0.19922127	0.110447657
2411.875	0.466999098	4.634116312	2.5406		0.22942031	0.122281233
2412.000	0.489309198	4.606153091	2.5511		0.27880302	0.142382137
2412.125	0.508497623	4.531689908	2.5611		0.33044842	0.162416185
2412.250	0.525868096	4.453713235	2.5656		0.38077374	0.180536978
2412.375	0.562467828	4.415310148	2.5618		0.41447806	0.181347484
2412.500	0.672399350	4.372961260	2.5518		0.40461459	0.132552002
2412.625	0.751047072	4.321103481	2.5443		0.40668221	0.101244728
2412.750	0.836069528	4.265132220	2.5277		0.50116761	0.082156643
2412.875	0.877053741	4.234734949	2.5141		0.60936623	0.074919299
2413.000	0.806130679	4.360402702	2.5075		0.69280546	0.134313723
2413.125	0.652439074	3.969910997	2.5065		0.74495976	0.258918905
2413.250	0.588567742	3.911109798	2.5055		0.60479801	0.248833412
2413.375	0.563658680	4.028728379	2.5106		0.42910531	0.187236378
2413.500	0.536920703	4.000420524	2.5200		0.33858673	0.156792506
2413.625	0.520678066	4.428232469	2.5364		0.27979958	0.134114077
2413.750	0.519091471	4.894557143	2.5604		0.24384615	0.117267695
2413.875	0.524601894	4.894557143	2.5893		0.22770110	0.108248673
2414.000	0.524444469	4.873611844	2.6136		0.21446043	0.101987842
2414.125	0.497081373	4.822020757	2.6260		0.21213320	0.106685740
2414.250	0.457650927	4.801682817	2.6285		0.21151682	0.114715950
2414.375	0.417890761	4.761524747	2.6222		0.21003329	0.122262319
2414.500	0.386509353	4.766512391	2.6098		0.19800438	0.121473837
2414.625	0.371148917	4.821380206	2.5970		0.15653276	0.098435798
2414.750	0.378308392	4.889305918	2.5915		0.12622037	0.078470143
2414.875	0.391841635	4.926318823	2.5883		0.11536371	0.070159405
2415.000	0.407730804	4.873611844	2.5891		0.11881992	0.070373379
2415.125	0.426079829	4.846765815	2.5929		0.12682741	0.072788811
2415.250	0.449990891	4.832246812	2.5964		0.13548559	0.074518307
2415.375	0.474857812	4.791585577	2.5887		0.14322464	0.075213299
2415.500	0.501646345	4.771503027	2.5833		0.15132754	0.075414635
2415.625	0.527564073	4.801682817	2.5835		0.15820439	0.074741439
2415.750	0.531221570	4.764449068	2.5901		0.17284668	0.081026794
2415.875	0.496882629	4.717809330	2.6000		0.19646954	0.098847237
2416.000	0.434337336	4.683197780	2.6034		0.22487851	0.127205378
2416.125	0.405104714	4.741700242	2.6066		0.22424989	0.133405200
2416.250	0.388803154	4.784870133	2.6029		0.19121226	0.116868327
2416.375	0.380735254	4.847097157	2.5975		0.15450405	0.095678912
2416.500	0.376158214	4.884065950	2.5888		0.13495620	0.084191314
2416.625	0.371315561	4.915691177	2.5732		0.13709163	0.086187375
2416.750	0.369162352	4.874133876	2.5592		0.14128693	0.089129115
2416.875	0.369846721	4.836094692	2.5454		0.14038994	0.088467181
2417.000	0.369923660	4.822020757	2.5428		0.13890462	0.087520513
2417.125	0.368258561	4.832246812	2.5454		0.13825528	0.087341592
2417.250	0.365181595	4.863078280	2.5474		0.13921582	0.088376768
2417.375	0.362534696	4.878470280	2.5493		0.14312144	0.091234950
2417.500	0.360765807	4.886155890	2.5446		0.14545882	0.092982253
2417.625	0.361988951	4.894557143	2.5410		0.14309535	0.091296412
2417.750	0.365837320	4.885310306	2.5375		0.13947346	0.088448866
2417.875	0.371116927	4.870909975	2.5366		0.13501596	0.084909250
2418.000	0.376355881	4.851462765	2.5421		0.12942131	0.080712841
2418.125	0.380952720	4.832246812	2.5566		0.12193266	0.075482080
2418.250	0.385179574	4.853362637	2.5770		0.11648605	0.071618004
2418.375	0.384670378	4.863202396	2.5822		0.12081819	0.074343013
2418.500	0.380119826	4.850775779	2.5781		0.13562081	0.084068650
2418.625	0.374058125	4.832246812	2.5705		0.15511124	0.097090622
2418.750	0.369886991	4.756554951	2.5606		0.17179811	0.108252223
2418.875	0.370417018	4.700273169	2.5531		0.20405962	0.128472461
2419.000	0.369302100	4.653575204	2.5467		0.22095443	0.139355495
2419.125	0.368378450	4.616314810	2.5427		0.23451286	0.148123376
2419.250	0.368665363	4.616916011	2.5418		0.24320987	0.153546816
2419.375	0.370482659	4.607399100	2.5427		0.24642863	0.155131094
2419.500	0.373125274	4.579178614	2.5384		0.25159888	0.157720976
2419.625	0.375490352	4.554538116	2.5310		0.25111653	0.156824698
2419.750	0.377616705	4.525011039	2.5250		0.24831596	0.154547705
2419.875	0.379568914	4.482076999	2.5199		0.24702775	0.153263693
2420.000	0.381042493	4.449936418	2.5157		0.25025295	0.154895941
2420.125	0.381493623	4.421425208	2.5127		0.26094880	0.161398495
2420.250	0.381399974	4.394049501	2.5091		0.26802873	0.165802579
2420.375	0.382339627	4.364853723	2.5048		0.27223288	0.168147465
2420.500	0.383979418	4.351788712	2.5003		0.26967890	0.166127755
2420.625	0.386598524	4.385131891	2.4965		0.26315983	0.161422626
2420.750	0.390111181	4.409262994	2.4955		0.26027845	0.158740917
2420.875	0.393205741	4.394055834	2.5011		0.26562131	0.161177485
2421.000	0.391448822	4.428232469	2.5135		0.27253584	0.165852009
2421.125	0.384119817	4.436855017	2.5224		0.27992378	0.172399511
2421.250	0.377582177	4.360402702	2.5252		0.28097970	0.174886773
2421.375	0.374108409	4.335500748	2.5208		0.27092467	0.169569471
2421.500	0.372241022	4.365316201	2.5111		0.25710835	0.161402073
2421.625	0.367230862	4.399947018	2.5060		0.24548945	0.155338147
2421.750	0.362314284	4.435705985	2.5045		0.23905772	0.152443695
2421.875	0.357713082	4.472798888	2.5032		0.23486379	0.150849943
2422.000	0.355873575	4.507103357	2.5027		0.23369942	0.150531974
2422.125	0.357794717	4.471703312	2.5041		0.23923367	0.153637129
2422.250	0.361243302	4.489336855	2.5076		0.24775127	0.158252785
2422.375	0.363391820	4.516042790	2.5061		0.25348489	0.161370554
2422.500	0.365814491	4.484912146	2.5022		0.25490614	0.161657780
2422.625	0.369184240	4.446062258	2.4976		0.25378524	0.160091732
2422.750	0.373444116	4.406809275	2.4921		0.25193478	0.157851220
2422.875	0.378523531	4.385163427	2.4859		0.24743999	0.153778132
2423.000	0.386910346	4.418669735	2.4865		0.22614243	0.138645581
2423.125	0.397631364	4.464873005	2.4907		0.20351784	0.122592761
2423.250	0.408791840	4.562007499	2.5008		0.18375389	0.108636797
2423.375	0.417560999	4.690503681	2.5082		0.17703765	0.103113632
2423.500	0.421857340	4.822020757	2.5115		0.18500452	0.106959004
2423.625	0.420987134	4.832246812	2.5218		0.19985963	0.115721295
2423.750	0.402060825	4.516042790	2.5268		0.23024307	0.137671352
2423.875	0.384472669	4.389677810	2.5287		0.23919833	0.147233112
2424.000	0.372625043	4.343771799	2.5284		0.19227498	0.120628509
2424.125	0.367674750	4.379519335	2.5303		0.13179735	0.083338792
2424.250	0.368380244	4.462938385	2.5370		0.11371487	0.071824561
2424.375	0.369341698	4.776511607	2.5391		0.09765288	0.061585599
2424.500	0.370095642	4.991103259	2.5517		0.09140524	0.057576559
2424.625	0.368633038	4.979007112	2.5654		0.09265477	0.058499159
2424.750	0.367806344	4.925554771	2.5772		0.09589010	0.060621116
2424.875	0.369664370	4.873230131	2.5826		0.10254862	0.064640050
2425.000	0.374375510	4.822005504	2.5757		0.11662865	0.072965741
2425.125	0.376729155	4.762588397	2.5670		0.13498243	0.084130615
2425.250	0.384516488	4.698534685	2.5671		0.14362792	0.088400619
2425.375	0.393554335	4.644104788	2.5704		0.14475680	0.087787134
2425.500	0.401146277	4.612375927	2.5739		0.14385065	0.086145500
2425.625	0.404226522	4.607399100	2.5756		0.14599883	0.086982231
2425.750	0.397507828	4.615336445	2.5742		0.15161751	0.091348365
2425.875	0.385866237	4.652268602	2.5681		0.15259714	0.093715056
2426.000	0.378453038	4.695748552	2.5678		0.14423931	0.089651503
2426.125	0.374143460	4.692770685	2.5720		0.12946703	0.081027785
2426.250	0.371239473	4.683197780	2.5772		0.11371477	0.071499361
2426.375	0.368183841	4.742504216	2.5792		0.10407802	0.065758177
2426.500	0.364542370	4.791585577	2.5824		0.10082070	0.064067282
2426.625	0.362020268	4.731846093	2.5834		0.09953442	0.063500943
2426.750	0.362784910	4.773109113	2.5841		0.09441891	0.060165155
2426.875	0.366219160	4.811534133	2.5847		0.08774071	0.055608380
2427.000	0.371975796	4.835780193	2.5853		0.07908624	0.049668071
2427.125	0.382007953	4.865887953	2.5859		0.06935766	0.042862482
2427.250	0.392172259	4.924639813	2.5874		0.07197488	0.043748328
2427.375	0.399088453	4.980186428	2.5892		0.08494715	0.051045722
2427.500	0.400180972	4.969317249	2.5945		0.11169411	0.066996250
2427.625	0.393828290	4.851030481	2.5990		0.14974035	0.090768362
2427.750	0.381345358	4.724864881	2.5950		0.19131536	0.118358133
2427.875	0.374247419	4.598510826	2.5816		0.24829273	0.155369814
2428.000	0.374140717	4.478738764	2.5661		0.28611434	0.179067315
2428.125	0.377572004	4.365047452	2.5491		0.30970232	0.192767391
2428.250	0.383538485	4.256985279	2.5325		0.32182282	0.198391381
2428.375	0.390319543	4.230797662	2.5168		0.32412807	0.197614548
2428.500	0.394641480	4.230797662	2.4998		0.32661574	0.197719623
2428.625	0.397185742	4.268063915	2.4929		0.32969531	0.198745036
2428.750	0.400986521	4.294625609	2.4936		0.33691745	0.201818091
2428.875	0.404120559	4.310881607	2.4985		0.34400580	0.204985983
2429.000	0.407863374	4.308030821	2.5038		0.34675195	0.205324527
2429.125	0.415019727	4.294625609	2.5065		0.34137138	0.199695526
2429.250	0.427618847	4.278485747	2.5073		0.32780510	0.187629461
2429.375	0.437632746	4.286540486	2.5092		0.31294026	0.175987356
2429.500	0.446081154	4.347916070	2.5112		0.30904936	0.171188262
2429.625	0.453984542	4.394055834	2.5134		0.32080979	0.175167106
2429.750	0.462017551	4.360402702	2.5147		0.34200758	0.183994074
2429.875	0.470353288	4.385592368	2.5125		0.34956928	0.185148217
2430.000	0.482068282	4.369125994	2.5073		0.35758063	0.185202350
2430.125	0.491880303	4.295720861	2.5007		0.37551124	0.190804658
2430.250	0.489590162	4.233259077	2.4948		0.40160456	0.204982918
2430.375	0.468628293	4.158751177	2.4903		0.43815204	0.232821597
2430.500	0.435013411	4.085577487	2.4882		0.47591468	0.268885414
2430.625	0.417235745	4.057434314	2.4912		0.47280767	0.275535412
2430.750	0.414929645	4.057434314	2.4956		0.40406545	0.236406718
2430.875	0.412769420	4.102261839	2.4993		0.35579446	0.208933385
2431.000	0.408264799	4.173341648	2.4974		0.33629441	0.198997242
2431.125	0.402072486	4.230797662	2.4896		0.33796968	0.202081373
2431.250	0.397120117	4.219041283	2.4812		0.34587136	0.208518885
2431.375	0.399991566	4.168844888	2.4793		0.36433107	0.218601712
2431.500	0.402730821	4.168844888	2.4831		0.35290339	0.210778317
2431.625	0.403874900	4.138541141	2.4857		0.33846855	0.201769597
2431.750	0.402537584	4.146077110	2.4855		0.31874462	0.190437931
2431.875	0.398886491	4.262472703	2.4840		0.29273392	0.175966312
2432.000	0.394834270	4.394055834	2.4849		0.28559403	0.172831722
2432.125	0.389570850	4.459883013	2.4925		0.27377496	0.167120217
2432.250	0.387655591	4.471703312	2.4995		0.27038297	0.165567498
2432.375	0.389390838	4.446619929	2.5047		0.27399276	0.167302490
2432.500	0.393549469	4.412383478	2.5069		0.28173666	0.170859345
2432.625	0.397670472	4.377230571	2.5051		0.29099914	0.175277377
2432.750	0.397703667	4.344075073	2.5022		0.29725901	0.179038012
2432.875	0.399471273	4.335211000	2.5022		0.29817731	0.179064042
2433.000	0.402135127	4.348126902	2.5023		0.30079551	0.179835071
2433.125	0.404914771	4.374366701	2.5028		0.30308765	0.180362983
2433.250	0.407561694	4.393359321	2.5037		0.30792685	0.182427664
2433.375	0.410856094	4.371312274	2.5041		0.32980662	0.194303560
2433.500	0.418913540	4.308609201	2.5034		0.34372237	0.199732413
2433.625	0.434570254	4.249846649	2.5023		0.34767420	0.196585336
2433.750	0.457086993	4.184172407	2.5011		0.33994811	0.184562252
2433.875	0.484150146	4.191864102	2.5024		0.31988165	0.165010904
2434.000	0.509542238	4.278834018	2.5094		0.29423304	0.144308879
2434.125	0.511747604	4.360402702	2.5215		0.28031051	0.136862277
2434.250	0.480559689	4.431966077	2.5458		0.28916911	0.150206091
2434.375	0.441426354	4.515046283	2.5626		0.28772462	0.160715389
2434.500	0.416106784	4.568193685	2.5763		0.25874873	0.151081626
2434.625	0.410343519	4.579013553	2.5901		0.20845042	0.122914143
2434.750	0.414854479	4.556062716	2.6006		0.17191000	0.100592365
2434.875	0.418574020	4.551600696	2.6032		0.15841854	0.092108655
2435.000	0.421908265	4.592221563	2.6019		0.14907843	0.086181010
2435.125	0.421766825	4.637633842	2.5945		0.15062349	0.087095501
2435.250	0.418457771	4.684442640	2.5858		0.16345754	0.095057460
2435.375	0.414152826	4.722040130	2.5808		0.18534042	0.108581163
2435.500	0.411635880	4.692850142	2.5743		0.21453963	0.126227423
2435.625	0.411434248	4.541741878	2.5665		0.24335906	0.143232809
2435.750	0.412263505	4.433377473	2.5594		0.27116028	0.159370795
2435.875	0.412320902	4.368587591	2.5500		0.30026251	0.176457999
2436.000	0.410376322	4.319009953	2.5376		0.32974781	0.194427115
2436.125	0.406315882	4.324584940	2.5246		0.35243352	0.209234184
2436.250	0.404410025	4.361201094	2.5137		0.37900097	0.225729179
2436.375	0.402185115	4.342460166	2.5075		0.39080014	0.233626140
2436.500	0.402511561	4.272603740	2.5013		0.40038550	0.239225706
2436.625	0.404233565	4.219724498	2.4942		0.40761922	0.242845848
2436.750	0.405590665	4.184160922	2.4862		0.41253538	0.245214880
2436.875	0.407208505	4.193472742	2.4767		0.41647724	0.246884167
2437.000	0.412298904	4.207350059	2.4743		0.42029001	0.247004897
2437.125	0.419263930	4.188155675	2.4703		0.42891397	0.249085812
2437.250	0.425133444	4.171514384	2.4637		0.43489239	0.250005093
2437.375	0.427554838	4.161226002	2.4561		0.43640227	0.249816366
2437.500	0.426069804	4.141048210	2.4514		0.43694981	0.250778692
2437.625	0.428660485	4.118615602	2.4558		0.43970217	0.251219227
2437.750	0.428626939	4.131032518	2.4618		0.44020450	0.251520991
2437.875	0.426419047	4.101279557	2.4676		0.44116628	0.253044573
2438.000	0.421352038	4.101279557	2.4733		0.43933809	0.254222092
2438.125	0.414225759	4.101279557	2.4788		0.43886365	0.257075021
2438.250	0.409057208	4.123556669	2.4817		0.44696838	0.264132741
2438.375	0.409418860	4.116102271	2.4864		0.45920988	0.271200695
2438.500	0.411198823	4.085971722	2.4861		0.46003095	0.270866764
2438.625	0.412327776	4.053895141	2.4821		0.45462319	0.267169419
2438.750	0.412578451	4.020726879	2.4749		0.44883013	0.263652490
2438.875	0.413245083	3.986412647	2.4653		0.44697924	0.262267265
2439.000	0.417003514	4.014701645	2.4600		0.44662438	0.260380441
2439.125	0.418588028	4.094642184	2.4622		0.44819806	0.260587717
2439.250	0.422584455	4.214876707	2.4679		0.45295984	0.261546052
2439.375	0.431232989	4.222956709	2.4747		0.46569720	0.264873205
2439.500	0.444897005	4.199589912	2.4811		0.47996393	0.266429417
2439.625	0.461257917	4.172661947	2.4864		0.49127968	0.264673039
2439.750	0.469719990	4.147193795	2.4839		0.51062175	0.270772505
2439.875	0.466505708	4.045143936	2.4800		0.54842700	0.292582677
2440.000	0.445223210	3.920328266	2.4793		0.56872660	0.315516316
2440.125	0.417473372	3.927914535	2.4816		0.54402025	0.316906283
2440.250	0.397711885	3.986412647	2.4831		0.48235994	0.290519661
2440.375	0.386232483	4.057434314	2.4774		0.45338889	0.278275371
2440.500	0.381301672	4.123556669	2.4666		0.45314888	0.280362456
2440.625	0.379160869	4.352074469	2.4653		0.45097813	0.279984867
2440.750	0.379088990	4.311088862	2.4650		0.45878165	0.284862579
2440.875	0.379815988	4.207251356	2.4586		0.46717597	0.289735066
2441.000	0.379101692	4.142252232	2.4460		0.47519062	0.295045054
2441.125	0.374424016	4.097492793	2.4423		0.47794559	0.298991282
2441.250	0.369896308	4.076629148	2.4328		0.48081559	0.302963680
2441.375	0.367500574	4.062722190	2.4218		0.48271368	0.305316127
2441.500	0.367600176	4.048420535	2.4107		0.47963136	0.303318789
2441.625	0.369341398	4.032911787	2.3998		0.47045981	0.296699527
2441.750	0.370190394	4.028808235	2.3872		0.46702753	0.294138422
2441.875	0.369322798	4.028520767	2.3807		0.46798081	0.295144826
2442.000	0.367844550	4.028824207	2.3782		0.47079163	0.297613492
2442.125	0.367197500	4.044982928	2.3787		0.47041581	0.297680300
2442.250	0.367329778	4.061423276	2.3798		0.46616512	0.294928791
2442.375	0.366970918	4.079563898	2.3784		0.46017449	0.291303836
2442.500	0.368557926	4.102769721	2.3799		0.45881603	0.289715746
2442.625	0.371088562	4.108613870	2.3867		0.46125837	0.290090667
2442.750	0.375626013	4.090982937	2.3929		0.46363768	0.289483309
2442.875	0.380086880	4.071783524	2.3982		0.46258771	0.286764192
2443.000	0.382364673	4.050012404	2.4039		0.45785453	0.282787129
2443.125	0.383015650	4.019581859	2.4096		0.45312598	0.279571639
2443.250	0.389618272	3.995680957	2.4120		0.44821730	0.273583650
2443.375	0.395715028	3.982668446	2.4143		0.44279846	0.267576454
2443.500	0.399240007	3.991793894	2.4196		0.43594080	0.261895790
2443.625	0.401384230	4.018236235	2.4247		0.43073890	0.257847096
2443.750	0.405659038	4.044660952	2.4236		0.43244342	0.257018836
2443.875	0.414783139	4.082442743	2.4197		0.44046281	0.257766260
2444.000	0.424991729	4.146201156	2.4173		0.43941024	0.252664521
2444.125	0.443680248	4.186631596	2.4118		0.43671165	0.242951317
2444.250	0.467231578	4.227131414	2.4036		0.43897281	0.233870851
2444.375	0.490265303	4.246579075	2.3940		0.45853415	0.233730766
2444.500	0.511160973	4.222956709	2.3838		0.51282084	0.250686839
2444.625	0.517030456	4.158944062	2.3726		0.56711466	0.273899109
2444.750	0.470584212	4.020546601	2.3614		0.62397125	0.330340229
2444.875	0.422684405	3.993404302	2.3533		0.64830783	0.374278223
2445.000	0.390518081	4.000420524	2.3531		0.58574057	0.356998288
2445.125	0.373344993	4.133345564	2.3642		0.40179188	0.251784894
2445.250	0.371072871	4.294625609	2.3776		0.29396179	0.184880544
2445.375	0.369314099	4.397027989	2.4139		0.24328037	0.153433496
2445.500	0.367012291	4.466442847	2.4575		0.21486165	0.136004782
2445.625	0.362819247	4.507103357	2.4923		0.19574710	0.124726285
2445.750	0.356893669	4.527981477	2.5105		0.17935489	0.115344265
2445.875	0.351370516	4.591108191	2.5186		0.16283358	0.105618662
2446.000	0.347395629	4.667046029	2.5252		0.14871904	0.097054694
2446.125	0.346380452	4.772421725	2.5294		0.13351905	0.087270664
2446.250	0.347069431	4.743780808	2.5330		0.13013149	0.084966831
2446.375	0.348108841	4.701541624	2.5353		0.13389521	0.087285105
2446.500	0.348928739	4.656553303	2.5343		0.14211486	0.092526902
2446.625	0.352181457	4.603885554	2.5278		0.16144815	0.104589108
2446.750	0.355103921	4.550262435	2.5163		0.17607328	0.113548971
2446.875	0.355658988	4.488226556	2.5039		0.20527736	0.132268623
2447.000	0.354001246	4.421784313	2.4947		0.22931118	0.148134735
2447.125	0.352040578	4.356278176	2.4903		0.23920550	0.154995456
2447.250	0.352948730	4.335500748	2.4900		0.24149689	0.156260870
2447.375	0.357383599	4.321924306	2.4912		0.24019269	0.154351764
2447.500	0.362954578	4.302328403	2.4922		0.23550625	0.150028181
2447.625	0.370734217	4.300932459	2.4942		0.23099297	0.145355975
2447.750	0.381673822	4.318624524	2.4994		0.22651738	0.140061623
2447.875	0.396534024	4.302322332	2.5087		0.22559984	0.136141826
2448.000	0.415752026	4.286944320	2.5179		0.23729596	0.138639682
2448.125	0.433465733	4.275875521	2.5265		0.26583826	0.150606483
2448.250	0.443590645	4.270467205	2.5337		0.28260252	0.157242683
2448.375	0.440855120	4.272615716	2.5394		0.29757470	0.166387367
2448.500	0.426140340	4.292678531	2.5436		0.31269017	0.179440273
2448.625	0.405659712	4.368769130	2.5470		0.32013133	0.190266945
2448.750	0.386950696	4.400956888	2.5563		0.32243480	0.197668429
2448.875	0.379911954	4.416250317	2.5598		0.31548539	0.195628721
2449.000	0.376785109	4.409881635	2.5571		0.30342979	0.189101961
2449.125	0.375276418	4.403531294	2.5483		0.29274984	0.182887726
2449.250	0.373670154	4.402552029	2.5373		0.28808051	0.180433422
2449.375	0.368991803	4.391587377	2.5357		0.28721879	0.181237409
2449.500	0.364146465	4.381092676	2.5310		0.29329351	0.186491717
2449.625	0.361940957	4.362118359	2.5269		0.29130093	0.185867195
2449.750	0.360723258	4.343771799	2.5220		0.29007791	0.185440062
2449.875	0.360617204	4.317829413	2.5161		0.29112610	0.186141019
2450.000	0.362884997	4.294329201	2.5102		0.29004281	0.184790627




